189
169
137
155
130
140
186
115
150
126
121
177
187
152
165
185
151
139
124
187
177
113
110
143
190
162
125
174
111
164
199
140
176
134
126
159
129
121
159
158
121
171
100
153
189
107
149
198
105
115
160
187
192
114
176
192
196
186
110
189
104
146
186
173
151
101
162
160
181
157
103
144
163
105
130
117
172
103
169
157
157
186
100
156
119
153
152
198
136
132
133
139
154
124
173
153
108
191
192
150
142
177
109
127
114
168
196
133
188
175
193
111
108
157
164
199
170
180
165
104
174
150
108
167
168
129
129
195
113
112
131
122
156
188
161
131
152
159
112
101
168
121
100
130
199
145
162
161
185
142
157
160
172
129
158
141
121
132
161
190
178
127
144
169
165
161
126
168
188
186
122
186
135
101
165
189
109
193
147
141
139
141
112
164
199
176
182
146
156
120
193
141
141
108
101
163
129
180
106
187
123
167
