189
131
107
175
106
122
116
183
137
128
130
163
144
109
151
155
180
151
158
122
192
182
141
171
138
166
136
138
192
182
187
161
140
127
117
149
141
121
101
156
142
134
132
118
143
172
105
110
141
183
180
154
147
108
189
170
154
137
109
160
185
102
132
163
148
116
180
131
170
181
198
115
160
146
153
191
101
184
162
161
197
145
108
148
147
165
157
112
119
125
168
103
101
174
177
179
153
122
165
172
167
159
192
195
119
135
182
140
194
180
191
102
108
108
118
183
137
184
166
116
191
120
190
108
104
116
128
180
186
179
118
195
182
125
135
142
112
169
161
158
165
164
105
107
187
122
113
137
181
132
155
169
171
114
102
163
187
167
196
180
147
171
109
132
165
196
130
155
170
144
172
130
186
158
143
102
110
197
181
129
188
173
146
127
158
115
153
107
182
191
112
197
155
120
173
168
181
180
168
104
141
197
